1000,0.023178911150505632,0.02227941425446283,0.03951919578490539,0.036619517418685875,0.0459485042089601,0.03138756246131157,0.0461015009739497,0.024833001071976404,0.033378320813445064,0.03705617065619497,0.026096421332052547,0.03633119364784815,0.02788828470375851,0.03407037494899115,0.022036382810919197,0.03532489520358396,0.04808291733337437,0.024725912766473818,0.04022366654746267,0.020107597999764873,0.029796820874637392,0.024647506665977197,0.02611683448102952,0.03510460986277629,0.034365303891242954,0.020624225782567503,0.02567238045158666,0.08572130562349553,0.03079299494700123,0.03196827133105905
1001,0.005302646624933257,0.011102992479841107,0.0116953805563614,0.010930917828411574,0.005018836587241606,0.005065337138725589,0.0025406115341174407,0.008055640385347014,0.8238241135453577,0.004705412979964433,0.003974389899397534,0.005750745032359039,0.003281196319762987,0.010367729997820834,0.008707370193561654,0.004482036834683063,0.0028410787374675626,0.007554784065504045,0.00648557477469316,0.004171785081830151,0.004718575801559436,0.004098461424579046,0.005306004337655049,0.006566622198478228,0.002503338850957744,0.003700421935167187,0.005473857309855137,0.00923297597719569,0.006681212260557583,0.005859949306613722
1002,0.5720252999097546,0.019792154980529178,0.006310807398688962,0.01125574603202498,0.01488476783384105,0.011157009313789242,0.014904687928995125,0.03621195442989905,0.007413604564391771,0.007120831851051041,0.006981086879667265,0.011726056456782867,0.023084770015074436,0.010771128904157625,0.02898708458449678,0.010858019181961153,0.015734226045570242,0.013766084065250022,0.010227179171114546,0.024685171593942283,0.00962981935454509,0.016945433922023693,0.01324225074194816,0.014774170588751042,0.013388141970717176,0.023831850862360792,0.014238097959860583,0.012728818848539526,0.011226649572498117,0.012097095037773519
1003,0.03521691582208149,0.031730463235399416,0.032814372614456994,0.03442360154836968,0.0319112799455031,0.03375187755327369,0.03377045166135899,0.035532596330845476,0.03382860782071702,0.03290639223638089,0.03264089702586342,0.03341491278220636,0.03160852069892868,0.03440068881278929,0.03065548392030444,0.035543142716259156,0.034650508498708335,0.031123263897737834,0.03617754405479095,0.03323431566172257,0.03173006947800288,0.031921415776562205,0.03240686358577568,0.03375333787066848,0.03613593664070437,0.03648578603857259,0.031711375344197136,0.03333709140273573,0.03377624747392185,0.02940603955116128
1004,0.010868954081007486,0.012941637779108369,0.007811302229565782,0.012797345228119615,0.05734652141433617,0.018345949051026572,0.024693859754871875,0.036611162112934165,0.009412722079493887,0.005978031812155592,0.027236432535567016,0.009754802857520986,0.010170297394520807,0.0130272862265595,0.21174152207810337,0.008366029274770136,0.013521442070748494,0.27885121758451664,0.023408237118258263,0.03069971005680785,0.01563924159553587,0.026140726271600263,0.015172006644806354,0.033453216220913705,0.008850752216123378,0.017443954527631537,0.00925913435420751,0.009042431348652166,0.012445894787661066,0.02896817929287555
1005,0.003173215227571552,0.0030700209480516503,0.00214092558713641,0.002539164085839463,0.0024654635565329163,0.0026934942072288125,0.004077230388868731,0.0025337266463376163,0.0016793106073036822,0.001799095484095476,0.0033343661999163847,0.0035255137759955444,0.006152890199833389,0.003082782187067643,0.002199610071206672,0.0028151844051852786,0.003387003130827582,0.010982186953654733,0.004612825587184266,0.00933756798831091,0.012849249045948263,0.0021460367932868356,0.0027969593291840857,0.002624718902871852,0.0026338967183898543,0.0021065273651238183,0.002364579004067383,0.0033739586089650544,0.002138944355635798,0.8913635526383782
1006,0.013033457359939452,0.027042682120832284,0.025360127174991653,0.017368028329357323,0.018667173679984644,0.010634645815812534,0.012587961231545297,0.010809487195735342,0.022081406656614212,0.02641129652901521,0.029213726959490528,0.019618656565324247,0.014433796670467038,0.014770199498137935,0.008617625841642353,0.028029539444188577,0.014663916503907401,0.014850805235388353,0.4935995688778478,0.006175054419290088,0.02056220081754594,0.015424807414918886,0.010904443835231458,0.020802700267142767,0.020319584619121752,0.011346534114630054,0.02277540090569975,0.017105609847323806,0.01644753289470391,0.016342029174169447
1007,0.0032593349101798347,0.004420058202797384,0.8527504528879576,0.003160120480388722,0.002745480028258142,0.0026979862286059136,0.0027950628930513005,0.0021658992095077057,0.006973092177508296,0.009807597714775677,0.002590797795617261,0.005647967166651431,0.004513891944073361,0.0020293416766636765,0.002011340616272145,0.006630454745834438,0.020715963685352966,0.002385895271691135,0.006746314740482423,0.0014665994859000696,0.014674932836292167,0.0038347921989523204,0.005546108049585844,0.0048206291601209355,0.006022040897449402,0.0032950664330912848,0.00585926911259387,0.004449154486393302,0.0038039024791460467,0.0021804524848054153
1008,0.0014756325838083085,0.0020954395220176584,0.007061552296708879,0.002007200005439458,0.0011194712187085818,0.001156773128371412,0.001421554957929418,0.001068355464666953,0.005366709470453859,0.9270550227292321,0.0023450740749674844,0.003277828893363782,0.0019903998670432843,0.0018051755316568332,9.439026690329746E-4,0.0028080249494531356,0.0036064312638616268,0.0013556909843664045,0.008018509634694294,8.076892796024613E-4,0.0032178278294139346,0.0018731525782394497,0.0018609378364887344,0.0021285166226533677,0.002234239863667028,0.0012882974207511044,0.004143265913771973,0.003581410236880121,0.001710883533438648,0.0011750296393166883
1009,0.04167587125580402,0.024782055664706263,0.020221767127743373,0.03966994838453256,0.0146580078964147,0.022881533863351785,0.025316803978607735,0.014199544970105412,0.07935713903659679,0.035475049799121146,0.04524430409436398,0.033778643267746156,0.016368824911435032,0.013842657672652315,0.017574762449922152,0.02451125359789784,0.013121886692697371,0.04087873588278959,0.09150371020012056,0.010788071568920976,0.012970200760547437,0.11719728902136677,0.021620890681791734,0.04551161302524289,0.016785891308016877,0.023222489851725262,0.03495021436571552,0.04269472586518521,0.018618353599612936,0.04057775920526565
1010,0.0019983417440410283,0.007110276329412867,0.002636595305192279,0.0015688783295879746,0.0025632832017593366,0.007511797292841079,0.0017875010801036229,0.003057609495744103,0.0026270588317260837,0.00235823566048061,0.006526631138165975,0.0016204653310659457,0.0014474075850405338,0.003644569070481187,0.0035189735432071606,0.0027933724945464838,0.0028331089561746416,0.11055675136598316,0.002895684312976599,0.003933845094136203,0.004020555898626636,0.002861302424519742,0.006033461976110203,0.002044488773524215,0.0016765295417218678,0.0018463092607964864,0.005745439249511724,0.001449763271236626,0.7973811598470628,0.003950603594222783
1011,0.001318525380191699,0.9081105253765527,0.0010029645361624322,0.0010740598861035911,0.023289445809467194,0.0032676907204078893,0.008497262407463756,0.0027971524972124798,8.455502935397849E-4,0.0017294727635138044,0.001996121696262902,0.002647598709220127,0.0016441053170549655,0.001970147171144396,0.0010463869582869544,0.002790123053807406,7.372321873170975E-4,0.0014103172978947667,6.391306980362291E-4,0.006526480924728322,0.002035865623212424,9.771041664823437E-4,0.0014319767905879267,0.0015398633871792076,0.011381563645757854,0.001110445603109326,0.0012579991703195429,0.0011747329285958909,0.003968382510253693,0.0017817724901335685
1012,0.007375195776979735,0.0073482070043924845,0.006496672921981971,0.009936147280282559,0.005982818793552541,0.8165839335817842,0.003835658266236305,0.005114865764152829,0.0050989294191080585,0.003243780925347485,0.006267411075688281,0.004151673057886185,0.003637856948632809,0.00698991325380345,0.015625410100859424,0.007151986245157315,0.0020138745943463965,0.011283644518738452,0.0038845740566896586,0.007659062135658309,0.0028263254873160215,0.008008710519049504,0.00963602093910347,0.005205583502104314,0.0031534235855947812,0.004894247881106573,0.007444360417369155,0.004009323401736639,0.010746870358750053,0.00439351818659078
1013,0.004411164787351452,0.0013279271269681454,0.0021395742952500327,0.005430478863158962,0.0022935020362936866,0.018805583936483017,0.002694617678505951,0.7692967133434478,0.002949362897215745,0.0015556180005131222,0.00267143066409616,0.0014779460772442977,0.0038947796038311245,0.0024707290622772923,0.008730672397526795,0.0040000343636624695,0.0013477754819100198,0.003220487210455235,0.001697535837555997,0.0031476188258089868,0.0019358653744671957,0.0021976382037559483,0.12409828053924393,0.004714055954039475,0.008795511995450863,0.004130177075588124,0.0034673115839690674,0.001810757781400099,0.002420033264281821,0.0028668157382471205
1014,0.0021186167727329933,0.9361449405243002,0.0011894522292791446,0.002043513931200813,0.0018743055260999036,0.0017153336772398192,0.0017141245002971757,0.002788772440356269,0.00128659021957808,0.0011626618895054003,0.0018235174343027003,0.002007232334229356,0.004680644580232343,0.0028691094358654933,0.002156032690348819,0.001776201467941757,0.0012813042959374512,0.005958474889830261,0.0011346095916707124,0.0015893463715143544,0.0020766987671727083,0.0019286898552941401,0.0016857071543890563,0.0019416471605526332,0.0027648196157202785,0.00151653307099245,0.0024390545374163796,0.003680800124034267,0.001656377877215359,0.0029948870347499003
1015,0.032346298140601755,0.05738136131660001,0.003549861468243299,0.00515432880219172,0.004092292785053311,0.006305466076111974,0.004325220681107662,0.0049138252217510526,0.004480350741836087,0.0021226368183568343,0.0030192971511112236,0.0050678783866522385,0.005581103172048212,0.008202600163473432,0.7664500109723097,0.003643308094498307,0.002399727315172607,0.009680040991850004,0.002282740258040353,0.0032953048692668237,0.002541015288206657,0.013340145468227056,0.003856067964207284,0.002968892573147964,0.005811105552741644,0.006520939949955926,0.005736779642289066,0.005302764981356332,0.004183899639755933,0.015444735513835602
1016,0.0030151565748417794,0.0034366936131186203,0.002865321346560418,0.0032821654686414382,0.02255686319695834,0.006348699333332868,0.0031889696611768336,0.006015383171608769,0.0020299260551892386,0.0016862355192071262,0.007496114437110413,0.002851996096041303,0.0015513286752774475,0.040096189971495964,0.006607413494153281,0.0031119883103629654,0.0033317539202245895,0.7709686665588452,0.006442842933240098,0.005860545980067013,0.02537533247588992,0.012568715518140938,0.005242367185026229,0.03547302055566998,0.0023950022177887443,0.0027316832720267097,0.002308056840402089,0.003404188737484601,0.004488955623412971,0.0032684232567041587
1017,0.004050268594911031,0.002353890746016564,0.005598816040444498,0.004556229693415594,0.0028542211985125446,0.002345495657037437,0.002488101485626565,0.002041049129846732,0.016947286966132676,0.014013661124680398,0.004696657415253339,0.004999286452798148,0.0029206372164104462,0.001645251776734699,0.003291920289991244,0.004872748140306503,0.00611774582900848,0.0018399195287101796,0.05601794975121546,0.0013846897486602782,0.0032670128442091996,0.0043644468501831835,0.0037700419375431226,0.0043318436395203075,0.003235604976260849,0.004618008734406492,0.8186136243980353,0.00579892497771117,0.0037908832732293013,0.0031737815831880947
1018,0.0018747755487663945,0.0022972179858399165,0.009778532505507987,0.0034033449359503315,0.002275427359135721,0.002235287527437391,0.0020232327100826427,0.0016367114798310875,0.01493543576423613,0.8931324539665547,0.002990168473896043,0.00979074141502941,0.0026869923980257803,0.0015366178823272554,0.0015116714183114799,0.003360331121125391,0.005335804535671849,0.0018448428087200666,0.004188264214241938,0.0011855409564426908,0.0025831073324817312,0.002175511254533497,0.0028304323984923592,0.002540600763312649,0.0037564518016678034,0.0028357730731317188,0.004880074942522489,0.005998324985237677,0.001968655645777261,0.002407672795708339
1019,0.0023285413526316925,0.003870567043151981,0.0754547780473549,0.0027457450520737715,0.002596160468352131,0.007175798292858791,0.0033984770138148,0.002092318259776193,0.002637164165975237,0.7741028745972431,0.002344182908960136,0.0031037121771656895,0.005817510380626756,0.0014091006216836646,0.0018437471678856183,0.005630108314774845,0.030750319560743446,0.0013888750185145357,0.0048148867568120835,0.0015526296224495722,0.004414386798188775,0.0029278864933323105,0.004033625408185396,0.004360667317762162,0.004826512920356498,0.015642188261717718,0.021231490310802206,0.0028335307571061776,0.002025058414529171,0.0026471564951705685
1020,0.0037213352834455714,0.0018384183846355544,0.014531268787228255,0.0033685766560827383,0.003019331932173218,0.003197392024635157,0.0012206487936933241,0.004073457852554061,0.00343530119178543,0.0037065942370135166,0.00246426323765127,0.024873990090529777,0.005644138229755472,0.002303319578187662,0.28270572752964707,0.0023602147788912044,0.003806287507450393,0.0016528213388128708,0.017423260016745722,0.0029738367253975603,0.006411996988013751,0.003018269958730635,0.015690103824888432,0.0031525747850038037,0.0017027689492696715,0.007076532833228545,0.013168129715800614,0.007758195044677196,0.5501665190355371,0.0035347246885343467
1021,0.015939427808306515,0.006021935650069754,0.01664273493509906,0.013238346210618614,0.007786299054400642,0.00702429831007694,0.004890610292711881,0.005796682035450905,0.025805903493162627,0.03650092647914596,0.014835434108346172,0.012498180320917478,0.008808468540791564,0.00782179665741355,0.009112539131415963,0.011205729713102231,0.009837408766501141,0.007654510545749868,0.6358488562606923,0.0065730025306130774,0.008297305961285946,0.012196680079708694,0.017388191945622317,0.008612206017338449,0.009006818894791761,0.011584444946108986,0.021740676120907798,0.026508090983289507,0.009141595215594617,0.011680898990765715
1022,0.0102608909897973,0.009598971834680975,0.007970815635106331,0.08742902486727162,0.01715197885580497,0.005245602331101556,0.00783651535906115,0.005572578664795971,0.007507849432460778,0.010548383622579916,0.019797657920505897,0.02039915395900897,0.007667719427929516,0.008530749538522934,0.005136358455538989,0.010301231899881256,0.013346882746079676,0.012812489424596608,0.6313160108059267,0.004123441618672369,0.010713463760070279,0.005392001292062349,0.0038048604203203868,0.009257009602676225,0.01017052903636631,0.008207874611840792,0.008015257387762122,0.012176107512791521,0.014398181095174144,0.01531040789161225
1023,0.004717616092421853,0.004652303054769384,0.14503214612723028,0.004319891196702077,0.013424571957611492,0.00325238744540605,0.004108306035085428,0.002548305425334092,0.003349305061748915,0.011733262391216382,0.006117858983152616,0.015047046793337834,0.017194765227648835,0.0021269679179081132,0.003868441272626292,0.003711534335852859,0.03282879868324858,0.004577261341534067,0.6131747443064849,0.002122223889754513,0.016625090900797074,0.004480003943537965,0.0037325169594321964,0.00502996084867594,0.00574587733795312,0.010195096272237783,0.00614519958531391,0.02833269511742834,0.004584268918200396,0.01722155257734874
1024,0.0038970821044894844,0.0047488494927590665,0.010185233681345296,0.0037412605834613514,0.005270725594953014,0.007174897461849933,0.0034105451308250583,0.002661960413133892,0.0036152469734773225,0.09779236140344313,0.0038241765579591033,0.005753180280844045,0.007098285477386726,0.002204328652122048,0.0032140587505840703,0.0039218653635271486,0.016915440018802633,0.0017721700743407475,0.7552759332972994,0.002078584535889016,0.0060763063771115365,0.0034309996473213876,0.004067023076264321,0.004578516724434515,0.004885050372906127,0.012160862942977808,0.00737873403580445,0.005420046868744589,0.0026450548440889706,0.004801219261853811
1025,0.005125109316961003,0.007220829096330614,0.022946579157027636,0.4878205275819312,0.00939061748463048,0.006363510179098725,0.006927020079046392,0.005207728891874028,0.028024558209449057,0.021085549307994455,0.015605633885412069,0.21550768008219337,0.006159024858948078,0.007259312605199805,0.00444053781245339,0.012891653268445775,0.008070907435499784,0.005427080557989587,0.034060200433617294,0.00378758790628712,0.005154626152868115,0.004664843956316463,0.005408292343715377,0.0064375810566891034,0.013988998440623051,0.007382998245985776,0.011502049483834447,0.018331777850091914,0.008242557946540751,0.005564626372945219
1026,0.01432780128738619,0.017763792212379025,0.012583161555795327,0.014523432687322532,0.024610311633625627,0.016317814869808635,0.07119964481761401,0.013589732130079185,0.025602127710449413,0.42593605005473184,0.027699333808581195,0.024759896135843153,0.014779614656155859,0.012657678721704332,0.011446583176609898,0.01951863087566066,0.014091775079371881,0.027302811064101134,0.010266608084412387,0.015304771174362023,0.012366382958813312,0.009906979520203151,0.013952492505443174,0.014905555173271004,0.04125229952310355,0.011981865850513187,0.0215800298913884,0.023231608856182494,0.022571321213935146,0.013969892771152242
1027,0.01879467583015059,0.006308686714322998,0.012742031172100295,0.013722077414962569,0.022245639635002007,0.014216184232823774,0.02928487828000681,0.024233413232899428,0.015813125270619337,0.012898055191753854,0.03763108956974745,0.013268318138352357,0.009843483414318167,0.029151082725492786,0.015153019070111037,0.023602328915386425,0.006599642399716152,0.047497363117161406,0.008267981605535305,0.026805614480335218,0.006761854515604276,0.015890208326500153,0.013829552050750614,0.015297369064346611,0.45277140899093943,0.007503028814638723,0.026944753446597705,0.0256006543932758,0.022345466429453745,0.02497701355709503
1028,0.014952974208447678,0.013181428337334308,0.01283583106554873,0.010239178974169693,0.01424511022404667,0.017740476051137415,0.025574171558681188,0.017776732503666667,0.011784436993902518,0.00803804310593752,0.01495032826835607,0.02090602808773226,0.012694546600974051,0.016839757545360278,0.01839691419938512,0.017924980619392718,0.010898334201909034,0.054653567875547086,0.04829746945986191,0.04975576458136042,0.1604053151592007,0.019380213846304017,0.024546104748910367,0.2899645850586609,0.008676358530704644,0.01467454645728816,0.012749329443739717,0.011923578235719967,0.016514135578744107,0.029479758477976115
1029,0.014280684810812225,0.12477933438753318,0.0035849055718005633,0.007603426039975528,0.016846572422968525,0.010303642979499886,0.007421692171237247,0.006947152516739556,0.016534139835677565,0.004673665584927484,0.006849216400286487,0.004838196682383995,0.00461321063564202,0.008540954289070299,0.008025310023350624,0.005366797492412276,0.002175850318383583,0.01926288679427518,0.0033957252176936045,0.6507195458341669,0.005791060737628072,0.011341122514193596,0.01072612436427709,0.006251651541723743,0.0035141377907975187,0.00718533408599584,0.004807447644287458,0.004919626927929246,0.012092313670002311,0.006608270714328506
1030,0.0043041983052530455,7.138280964871361E-4,0.0011066087130373488,0.0021920824847012736,0.003354370402292201,0.004380471373647741,0.002352895901152523,0.007147224234182265,0.0024810535327322025,0.0010747701365741546,0.005831441983884235,0.0011807517256741964,0.0012791988653831838,0.09402310000491619,0.0038031880916847066,0.0036787431947024824,8.260774445922294E-4,0.0249873644889457,7.570400921499527E-4,0.7476118994119915,7.423652176132367E-4,0.004521196626490911,0.003063410106547993,0.002357923029307351,0.06110563759361751,0.0010403625802784795,0.0027056172151871446,0.002446993627432094,0.0020242174399784695,0.006905968079562569
1031,0.003597993777369546,0.1622187440465121,0.002243569794077581,0.008114029481677089,0.002977979885072162,0.0036552956659417044,0.006044205049268127,0.03787852556579065,0.0035621171015463443,0.009113263044752084,0.002403035824545428,0.002329414636438718,0.004965022050006216,0.015019722698553738,0.005113818892723607,0.0027882427355832937,0.002304896938990283,0.35408874103056864,0.0015736150621692632,0.0030018956168511154,0.0029091122032316075,0.003086851947504835,0.001856496156125754,0.0033487183168405357,0.005904612321059315,0.011724793235636096,0.006104327285845247,0.32717318168604514,0.002697997231327634,0.002199780717946293
1032,0.0047834770173232405,0.007636140158049185,0.0027410795289352983,0.007707282101716878,0.005600443012214878,0.0040301994236949645,0.002701438976877235,0.005137061077021714,0.005515587955702722,0.00247567280351593,0.003963075463292235,0.0037058331092996405,0.002447393386252604,0.8845335662531122,0.0051716415432750155,0.0030042479947715852,0.0021800887318390427,0.01030196056227531,0.0026001659867927575,0.00365203061863527,0.0026737815142170713,0.005352889667065683,0.0018142768922869467,0.0025577963929087687,0.002211232593998798,0.002958660352676426,0.002021532371452169,0.0034759330323716063,0.004445421855762787,0.002600089622662117
1033,0.003281989498091743,0.006121507427764154,0.018335899011137736,0.006177682029202107,0.004569903124462337,0.005613951291566526,0.010372122579683075,0.0058704879760900375,0.009425448607629042,0.4598727516288891,0.009992417949566379,0.0050363572714009945,0.004560822769768931,0.004380333084808332,0.007392066444937005,0.006914502980302362,0.07355399551542288,0.003553597518596505,0.008719448388920949,0.004821280428321717,0.007817214611954192,0.006429412218382271,0.005752820601847747,0.005669313834649943,0.007890106195666968,0.2824735402119947,0.011066876978305993,0.005566797692381454,0.004710312675760779,0.0040570394524938845
1034,0.0069940057157685965,0.006835253766680803,0.007499825306056293,0.013685925437666538,0.007137110176395736,0.008071636857293327,0.006001872675418944,0.7451306220174387,0.004704600333065856,0.011781738658510366,0.005572017289211694,0.004097180240972989,0.030058071279531057,0.004793829728304206,0.024880706142598748,0.003523241333163781,0.005656626684021071,0.003918875560907102,0.01508625567618938,0.007340859540271429,0.005412402382390159,0.005853449215382889,0.00804000421479749,0.004226230585396517,0.0052375819017550255,0.016829226320825758,0.01138403121632757,0.005455445914886853,0.005581480937271379,0.009209892891499677
1035,0.14543194656006386,0.01770802128637471,0.11178421124108696,0.013304135512853199,0.01396694289645342,0.01499974847827445,0.01192020401707965,0.020505419498149467,0.06888155159818647,0.09256872715768999,0.00943285003427541,0.011125322143534577,0.10005743315646468,0.011353096314803223,0.010549701894032914,0.045231639824983905,0.011875657664094935,0.008915021899488763,0.0371755760710002,0.017076392639023497,0.009730577612170922,0.017012735613720808,0.023078805504105925,0.016966104384385054,0.028012301278410166,0.07446190622500909,0.013818454414871822,0.02491142237297187,0.011521433189217984,0.0066226595172221205
1036,0.010872518424743316,0.005259217359719217,0.005258755880287856,0.010035728175681604,0.03603980274660934,0.0045817221116765715,0.0030509168803868163,0.01119536816612826,0.00617184139953769,0.01553997439156379,0.004047347561449554,0.0042445590412694125,0.7576795579825157,0.003612247797563846,0.008462470491614893,0.0047237913030910034,0.006768189982107295,0.003524845393475059,0.01346534094091292,0.007718390481237264,0.008803033618711351,0.0056660219560323005,0.007746760025180323,0.003562992315870947,0.004689370715663889,0.012806640477449538,0.016893229591928332,0.005837723076666718,0.006798397384475796,0.004943244326449279
1037,0.0082112877977139,0.004430988392173467,0.006496224096982316,0.019464570479979154,0.00424533186371255,0.0036976256533025973,0.002653318996732769,0.01592836086845953,0.005015647081900237,0.015814244005653573,0.006975614921582164,0.0031710698138840685,0.006428367794817433,0.006793091676204983,0.012316995267597724,0.002873310538528417,0.00429210250497295,0.002869545216413396,0.018811137256009112,0.011489128403012498,0.0037131077169062577,0.004332031116469604,0.008698298038770985,0.0029447472744778738,0.0029361194917326516,0.7873379964936077,0.011070807769692175,0.008703574210203993,0.005041931231201809,0.0032434240273039984
1038,0.007598449107672122,0.003143236083281286,0.011225495456031773,0.061831422947397165,0.0068019674188014995,0.011697091318579008,0.00393754699710115,0.12844249692750404,0.00657736172502718,0.012464308948324423,0.022217307735086914,0.006585518424871301,0.003699406098398065,0.486337094504199,0.008651617965750603,0.008288502822792589,0.029038617425451073,0.004687596518967399,0.009915555912099154,0.007238095497434383,0.004666690621726201,0.003989857035003429,0.0040175066526766294,0.008594164482775214,0.013627008766980845,0.015056432087339878,0.006022395482212493,0.010632907613164369,0.008943064806426195,0.08407128261692463
1039,0.005556908724460265,0.0037640481372893464,0.006085341654399357,0.8100552321639095,0.00505642467450888,0.005993415518344477,0.002664271626887793,0.03508840330964052,0.005403622845097683,0.015951601699187613,0.0033539006487977676,0.0033861643452653646,0.006512013623437763,0.00431179751705965,0.014644680466942563,0.0032013096701958765,0.005156755939500002,0.0023671132493376166,0.006843399824033579,0.006563110863617868,0.002765495269630735,0.003638310475063312,0.004315528672046966,0.002977304447200004,0.005056593849735674,0.00458090915794917,0.00489472413201955,0.004771264842772768,0.003255752958551642,0.011784599693116573
1040,0.07548396522323561,0.005153680429993785,0.014400432183860204,0.0033112898356763157,0.0038640666813806366,0.00242006752236497,0.002561954368347303,0.007960176894782105,0.004758090421814347,0.00649692225434303,0.5642235557335892,0.0033587691609328224,0.005781484208913001,0.10342266911024822,0.011738116603973643,0.007783915379972218,0.00510248498006183,0.004712750370633591,0.09249207553018204,0.004882634085516315,0.00545333249688975,0.024524812995268708,0.00678777542448057,0.003460808075216765,0.005851118276840242,0.004222851236790564,0.00506303779548784,0.006466330348907342,0.004327727608562605,0.003933104761734378
1041,0.060334834384090444,0.00981063447717809,0.052321623000960896,0.0072216492876899935,0.006141109468835227,0.006693259943545684,0.004602676319719719,0.012412697831256144,0.012613869910253308,0.010187557740677967,0.00946964317403054,0.008684423445788193,0.018751538361594645,0.013547724332128754,0.016495614544419397,0.00925191024153165,0.01686774722603158,0.007440199152365231,0.5710487965372266,0.008315306486707004,0.031011767914288065,0.02067319850712436,0.014841614015442555,0.0074912990345694435,0.008127023196328723,0.010286934544249183,0.014990415635333121,0.014552530302931709,0.009474271870626027,0.00633812911307571
1042,0.006057055432708922,0.007568058803523038,0.023134130988139927,0.009169549775777604,0.009757102440944531,0.008308199477329466,0.044113081254832674,0.006580882343172978,0.00998728190021965,0.6086195600753069,0.008203888798797286,0.009571310076367207,0.010933076769446087,0.004425437189811286,0.007109471883995602,0.009741303066719212,0.06733143624023036,0.005941046437422328,0.02157579979622911,0.005121336034744075,0.006822788622509948,0.005795611047614083,0.00751707143319766,0.010318927450661623,0.011837342801221283,0.0364340310713747,0.012913674364617048,0.010716047156580278,0.007266180023844203,0.007129317242660857
1043,0.004688429181256811,0.0059467966892985755,0.026665357396608868,0.005764581712827678,0.005164946275040953,0.009957621306144209,0.0050940506491886015,0.004688862877478232,0.00744717058040254,0.7468565459058008,0.006926928054521791,0.005372526356554475,0.01004151982116767,0.0025243558290382116,0.005102041348689817,0.008311653045020186,0.01727875330861261,0.0033339971930228655,0.007626875350287952,0.00486232133142715,0.007206320817309234,0.0053696511825374405,0.008836043261207372,0.006083849528653698,0.00808164488871934,0.023176765612499255,0.03264794920103188,0.005142652050273581,0.004309640630197913,0.005490148615180276
1044,0.004828712015073156,0.006684129178830526,0.7967475251976792,0.006144786931611483,0.005300299421418574,0.004581000585947344,0.005969223294212225,0.004994047058040455,0.005656917577986668,0.005907684703981655,0.0060412199432608536,0.006029033498836355,0.006327738443679538,0.004820932726341196,0.003644141469196965,0.006425894381249672,0.0382641193643372,0.004410890266543129,0.007411084381590634,0.004733359178832235,0.007078784985580712,0.004230327846188573,0.004993293554468175,0.0036889617897399155,0.006680219920188404,0.004654010256804599,0.015030774846966808,0.00863852166695465,0.006745449948140906,0.00333691556631808
1045,0.007678887092661376,0.011485990140466104,0.019381475762869693,0.01450661018824991,0.008811626477209006,0.007907855667969588,0.009372418383993804,0.009514841605968142,0.008316321992360438,0.03979098669550117,0.010325037250438531,0.011648968823992682,0.012328267400693906,0.010000037729739357,0.00534896300556607,0.03381838393351179,0.021308548523766454,0.012389103314494183,0.033215856884928,0.008496645150385196,0.21469061010814822,0.007054516813740707,0.014179320132213664,0.014567537979145858,0.35737967030849166,0.005853320717629267,0.03229926073215582,0.020477914886884593,0.02918756124568534,0.008663461051139546
1046,0.005188845364127976,0.0053667558572904565,0.01523240971067975,0.013961844590202468,0.011628139682743083,0.08656670210367984,0.05316795194311438,0.011555239293027634,0.13956648293687354,0.007298762647596624,0.010335953068028524,0.00775416262461503,0.0037989488008012494,0.010164256131643025,0.012991130015346634,0.007646848594664384,0.034349369136464025,0.08581642712062938,0.015281369876559528,0.014883056643151848,0.012809373336013471,0.016424325631596362,0.00986781116775987,0.31703651602054556,0.005355461179822504,0.04181700142372499,0.013026684440387218,0.009256209599787027,0.01485395301600188,0.006998008043121799
1047,0.012318340292605992,0.004654435199705808,0.04446000752413631,0.013656766753924464,0.01741795293127851,0.044788672823432185,0.008289130359113816,0.03374641213579569,0.03536480732203003,0.00874229243364274,0.01213577511393922,0.01726236497298519,0.006554834959463275,0.020715985511918,0.023415122645418878,0.010117430272512952,0.01608384473275935,0.010002564478914932,0.10483984419121116,0.1602395291857896,0.022960468998621367,0.22842077501650412,0.03083043264257215,0.03333426821851813,0.008233330796145025,0.013296101238824187,0.016903171432912947,0.009619102675369416,0.024620657324604927,0.0069755778153496135
1048,0.007728872772103613,0.008337078768903671,0.010732744305530255,0.004829442894226871,0.00626393084206248,0.00527094603420879,0.004830245760060405,0.01784878346812623,0.010518540732345602,0.010331052482399803,0.5127131484136421,0.005492125423133571,0.0064143284724745625,0.015069394867648623,0.019231323005394544,0.01089653097244514,0.0158466789564344,0.011701937065256936,0.02331731433440199,0.012034122379203597,0.01623445664611482,0.18938498482801833,0.007831438794420328,0.01119922916315393,0.01059264211370989,0.009432256831425503,0.011605435911227273,0.010305965533920214,0.005682599641159834,0.008322448586846647
1049,0.010973814155976883,0.013939143143575075,0.007658296761761314,0.03587637092575842,0.0283879105486828,0.050132655857412244,0.010796530461335881,0.021044179430164168,0.026022270112335644,0.009147734645415465,0.2309834178192411,0.019016423695504887,0.03016777192801477,0.007447271870603053,0.017712690464229682,0.031169216303557158,0.006989682212984337,0.02611094767879024,0.031712408251472514,0.12217444372426609,0.01773101751870687,0.028920027405028026,0.025971796373562478,0.019931281398994857,0.008316084062977739,0.08000075270317045,0.03837074260427369,0.008471046883233472,0.012988241641614523,0.021835829417356158
1050,0.004189059553413352,0.0018458520590937698,0.002962914390816826,0.005645486019945158,0.0027940306617126377,0.0019845754254176466,0.001433106683992236,0.012194759549912322,0.004644298751776884,0.011888882298807319,0.004023478072509507,0.0019589288431664954,0.009917340684205392,0.002815722845786485,0.04957634308514495,0.0029031144283152344,0.0017859135489027248,0.0019241856309148069,0.006787899178122418,0.008339781627598299,0.004611286337132319,0.0052617643613819595,0.005538932155443232,0.0015000047276026776,0.002009762480929091,0.018474092783012232,0.8163044136448346,0.0018388735001467146,0.0024231462940436195,0.0024220503759190613
1051,0.012107292579425045,0.0047169977064890475,0.005597751282550099,0.01258889758366409,0.009698745474189852,0.01271721346399941,0.00640323443795627,0.018210021914656385,0.03052759760391462,0.006619339246105223,0.21932156761977084,0.006020515844993751,0.006446043865620759,0.006706395211317874,0.2781036781533542,0.007026902254977814,0.0037755872681305607,0.008439519808478417,0.011734138402799538,0.1692298307745856,0.006708822202306747,0.020494741221561932,0.03647163365967828,0.008426623136317328,0.0065016870107007145,0.01533022206154399,0.04309097332410513,0.006083648226426639,0.008962225036487248,0.011938153623892498
1052,0.01846266358964154,0.0025022770954581425,0.0049019899202338586,0.8079157961868763,0.0021782149162613124,0.0026831074422043856,0.001997203025012695,0.047948154189864964,0.006229092704757109,0.0027604914608854746,0.0031385109366712286,0.0022274362272678544,0.005653233568880549,0.0061123233373075745,0.009103934809041262,0.0021218752457734715,0.0015843227788788934,0.0034661412928595164,0.0031869057771490667,0.02920682886384324,0.001943031756080481,0.0039539906931616835,0.0034775286679758982,0.0026534904354540024,0.0019796226568729674,0.009668752222890223,0.0031160578726386295,0.004848376289732884,0.0032365414783692803,0.0017421045579556285
1053,0.0069666010413235845,0.0011075913164822835,0.0024314197283239474,0.0027562505978710274,0.0037924634056472973,0.005313712203434945,0.003565501253560997,0.009369360781710738,0.0049409592525950456,0.001549888045044252,0.007150181313698717,0.0023690255402397816,0.0020726630126855065,0.13120198789010368,0.014255987657451941,0.004912041171560144,0.0014265113607747,0.009241230040584362,0.00129714924986761,0.1659276971050839,0.0012898639306899665,0.008712413121581086,0.012827908039544924,0.0036362731867076218,0.5574542791100618,0.0018221487242411321,0.0064838709765870075,0.003626764771078995,0.005353185665224702,0.017145070506238248
1054,0.00261805101683403,0.001858880375798132,0.02194294261899476,0.012639180256041065,0.00414587063654105,0.007374821813172205,0.002144909180375147,0.04887040041008437,0.012243609513816206,0.003784461008116943,0.7489435133233765,0.004367326144951341,0.0019707563657033267,0.021094177619469596,0.006085382949284998,0.004460109420259665,0.005486841164411475,0.003155446369857683,0.006276559441842697,0.005031949113690695,0.004039304814918916,0.003239676501298662,0.007151504971180686,0.010965952902403433,0.004140807957831618,0.01258502650643491,0.0059947399013711685,0.0045380833239186775,0.012016727449904688,0.010832986928115665
1055,0.0044144335376799584,0.005851449706895541,0.5089803199913132,0.003321962244811693,0.008061491112938907,0.003605050811884321,0.0021365499615495125,0.1993959075241761,0.0035759030186881843,0.006702150038801061,0.0038132656365867878,0.004354073237697195,0.008624914790065514,0.013747584397409867,0.021422488154753828,0.0042617196554680615,0.006385113219282111,0.0029332186156403365,0.01677492342141901,0.00603308301515746,0.09066098304252218,0.005843446672116161,0.0259467404182561,0.004179932901496248,0.003691971732345737,0.004998929405413736,0.016254211179428994,0.003702634727754884,0.004552007266888328,0.005773540561558985
1056,0.00448226792221864,0.0018168329835908405,0.005769795536112191,0.0017436017998621552,0.0022726600525849318,0.0020452483862876507,0.001413706675699014,0.002724651901376109,0.003530272775217815,0.0032951518454368512,0.0025820683232391276,0.0026493018012764204,0.0032528864290947467,0.0033960934812884594,0.002764042527836504,0.002734826343012203,0.005430838909952684,0.002645159943110034,0.010111173286643729,0.00443181758840015,0.8995632177364219,0.0037595031780664266,0.005553438171260565,0.0027664250310506086,0.0020848027336943468,0.0041777265535842155,0.004087791488884058,0.0036339729810799487,0.003043577427431459,0.002237146186286304
1057,0.004769039847984275,0.004582153337016217,0.013119591961860168,0.0057251815890246,0.004579345367917957,0.0075848021423941085,0.008749678231516438,0.00350489905466852,0.008002958184495543,0.802170225507411,0.006250153108636128,0.005330852858366502,0.004525275137099033,0.0023635585317767958,0.005357479297871174,0.005042754796478982,0.018230544770586513,0.0034156233814303023,0.008146981428782023,0.004177892802353561,0.005250254750839228,0.004956443034804203,0.005043464904686562,0.004289569286794608,0.0067950337904395496,0.027655842177122667,0.006789148731443178,0.005133868500332888,0.0035143393866636815,0.00494304409920361
1058,0.0029525893399063655,0.00385627391175955,0.013238677900607511,0.0070999804890804095,0.004391453172662259,0.0027989491665287216,0.003977105133719694,0.005018750535709963,0.008683360795763215,0.20273970355121718,0.00514938506157952,0.005258375868597596,0.004332905833075866,0.005047769048262636,0.0054275632869278155,0.005040227612594548,0.009954713135161155,0.00672974427841326,0.005142741976003537,0.0040546508956518686,0.004544879607480668,0.0035838151980735287,0.003671409767401643,0.0046075388110989575,0.004522604867659807,0.008702531684673956,0.007266474998132468,0.645149086898123,0.004602552305617534,0.0024541848685157154
1059,0.013050471142525335,0.006960399661354319,0.06632587115307008,0.0068616183140748225,0.07031249259135869,0.011282937001031805,0.01967753079163711,0.02551980848441918,0.008621186372998626,0.04993801669566133,0.010904328124624309,0.016817612669481716,0.03460041847490818,0.009948498563425267,0.007153359648718634,0.009888903088930827,0.02154506488052952,0.006810305576947484,0.0385022179977597,0.007988283140427758,0.014151186325850341,0.009064350999558816,0.01605579001102245,0.022898124313765516,0.009630918343566237,0.017674628994191824,0.014023179399513907,0.4311193754684574,0.011951617628684495,0.010721504141504386
1060,0.0064722749470897045,0.002299584716418447,0.019752744588912206,0.0032028230688860696,0.005095927446904795,0.0029713155856458326,0.0017643775982111567,0.7096452840733467,0.0032330585451063438,0.0035876627369401744,0.003512642334008604,0.00328752447817591,0.004045809304129584,0.010968451108489546,0.006231000821806321,0.003868259805694807,0.0033920465685282624,0.0026885904572121542,0.0059378562281466735,0.003997558367589718,0.12584910657234236,0.003225337533721369,0.0073243068842291795,0.005258020854643639,0.0068438337737592335,0.004328245598430278,0.0039174084681131765,0.029453354426124668,0.00524619418890419,0.0025993989184889686
1061,0.0082456758023761,0.005899888843640579,0.0063400241907477055,0.007119154722292862,0.00500719395996234,0.00970919206914658,0.004839505380501554,0.8181402369127792,0.006670659341108504,0.005957531888482277,0.004494584106605565,0.004952677088014373,0.0075006863562896015,0.003595866354186347,0.015083518047703725,0.003428279070554639,0.005954605707768792,0.002708402585669838,0.007255832163499191,0.0043804557176519675,0.006358368842682149,0.006459685300432058,0.006240112181302093,0.004988247554222757,0.005789347796456873,0.010203098906022274,0.006913675064979489,0.00525944518488678,0.0040474285442285525,0.006456620315805287
1062,0.002883267007742638,0.8124147472333395,0.0017381369274205756,0.002430864326055092,0.029174481205160682,0.00485287871664969,0.034051825636801474,0.007009994637354276,0.0017604457881731641,0.0036467971641765693,0.003765919318380768,0.0035879494138587303,0.004460966839401093,0.004729633574488645,0.003242684017203667,0.005508282402941855,0.0013627007487020263,0.0032572053754817416,0.0012004332414054272,0.007337749510087949,0.0025835692318271824,0.0018470805547059176,0.0021626792622715186,0.0041618103759751834,0.028887802845253923,0.002701240167290427,0.0031388727476069616,0.003250726518877437,0.010067793277348521,0.002781461934017364
